YEAR,LCP_009A,LCP_010A,LCP_011A,LCP_015A,LCP_016B,LCP_017B,LCP_023A,LCP_049A,LCP_051B,LCP_12B
1886,3.2975,,,,,,,,,
1887,3.18,,,,,,,,,
1888,3.38,,,,,,,,,
1889,3.4,,,,,,,,,
1890,3.32,,,,,,,,,
1891,3.36,,,,,,,,,
1892,3.47,,,,,,,,,
1893,3.53,,,,,,,,,
1894,3.615,,,,,,,,,
1895,3.55,,,,,,,,,
1896,3.6325,,,,,,,,,
1897,3.465,,,,,,,,,
1898,3.63,,,,,,,,,
1899,3.59,,,,,,,,,
1900,3.35,,,,,,,,,
1901,3.3825,,,,,,,,,
1902,3.5575,,,,3.3575,,,,,
1903,3.41,,,,3.38,,,,,
1904,3.425,,,,3.32,,,,,
1905,3.43,,,,3.46,,,,,3.345
1906,3.3775,,,,3.37,,,,,3.0975
1907,3.6,,,,3.29,,,,,3.125
1908,3.5325,,,,3.2025,,,,,3.155
1909,3.6275,,,,3.1725,,,,,3.225
1910,3.905,,3.05,,3.3925,,,,,3.5575
1911,3.71,,3.0,,3.105,,,,,3.325
1912,3.875,,3.14,,3.48,,,,2.85,3.5225
1913,3.78,,3.07,,3.43,,3.435,,2.91,3.4925
1914,3.63,3.0575,2.915,,3.22,4.71,3.4275,3.33,2.68,3.235
1915,3.475,2.86,3.16,3.535,3.18,4.4875,3.5425,3.275,2.78,3.165
1916,3.6,3.12,3.16,3.8,3.52,4.5775,3.5425,3.535,2.68,3.3725
1917,3.625,3.2625,3.02,3.55,3.18,4.3575,3.44,3.31,2.68,3.1425
1918,3.95,3.105,3.11,3.7725,3.35,3.96,3.6225,3.435,2.74,3.32
1919,3.76,3.39,3.14,3.7675,3.4525,4.7775,3.525,3.87,2.85,3.2625
1920,3.5225,3.08,3.1325,3.7225,3.2775,4.44,3.5375,3.32,2.6825,3.0175
1921,3.61,3.09,3.38,3.745,3.41,4.2475,3.69,3.375,2.92,3.2875
1922,3.76,3.1925,3.275,3.79,3.415,4.14,3.6925,3.4299999999999997,2.825,3.41
1923,3.275,3.005,3.1175,3.665,3.1825,4.0425,3.48,3.485,2.7925,3.11
1924,3.5725,3.14,3.28,4.0575,3.55,4.1175,3.36,3.62,2.72,3.5
1925,3.5912499999999996,2.99,3.28,3.75,3.45,4.09,3.39,3.9,2.875,3.39
1926,3.61,3.18,3.26,3.77,3.26,3.9875,3.20875,4.0225,2.9775,3.43
1927,3.46,3.125,3.215,3.98,3.23,4.3275,3.0275,4.415,3.08,3.31
1928,3.44,3.15,3.18,3.8,3.44,4.475,3.17,4.15,3.1075,3.3625
1929,3.75,3.2575,3.09,3.965,3.2925,4.405,3.2025,5.0975,3.23,3.56
1930,3.6375,3.1175,2.9925,4.0225,3.35,4.3475,3.16,4.62,3.075,3.22
1931,3.605,3.085,3.09,4.21,3.2,3.98,3.2025,4.8175,2.9475,3.405
1932,3.4725,3.3475,3.265,4.2,3.1475,4.375,3.12,4.42,2.915,3.28
1933,3.695,3.3,3.225,4.0875,3.53,4.28,3.15,4.12,2.97,3.4025
1934,3.62,3.18,3.0975,3.805,3.42,4.355,3.285,4.34,3.01,3.16125
1935,3.335,3.24,2.83,3.56,3.02,3.8975,3.005,4.325,2.83,2.92
1936,3.97,3.5325,3.09,4.12,3.4125,4.3175,3.105,4.6125,3.195,3.37
1937,4.17,3.365,3.245,4.12,3.535,4.29,3.29,4.82,3.25,3.195
1938,3.55,3.53,3.175,3.73,3.2875,4.0,3.19,4.26,3.09,3.185
1939,4.02,3.49,3.2375,4.095,3.5725,4.435,3.305,4.275,3.17,3.4
1940,3.595,3.315,3.27,3.91,3.5075,3.835,3.4025,3.9,3.19,3.1175
1941,3.49,3.435,3.18,3.9175,3.21,4.085,3.16,4.265,3.2225,3.385
1942,3.5925,3.5475,3.29,4.135,3.6375,4.235,3.22,3.72,3.05,3.73
1943,3.3925,3.37,3.23,3.855,3.6,3.955,3.1275,3.545,2.87,3.38
1944,3.2775,3.28,3.09,3.92,3.335,3.9525,3.3,3.6275,2.86,3.53
1945,3.41,3.59,3.1725,3.9625,3.65,4.1675,3.455,3.805,2.92,3.9175
1946,3.915,3.64,3.145,3.98,3.61,4.47,3.515,4.02,3.15,3.9225
1947,3.97,3.33,3.2475,3.9475,3.4125,4.165,3.42,3.785,3.56,4.28
1948,3.81,3.3325,3.2025,3.83,3.5825,4.11,3.455,3.98,3.8275,4.23
1949,3.65,3.225,3.135,3.86,3.53,3.84,3.2375,3.78,3.9875,4.105
1950,3.75,3.165,3.1325,3.54,3.245,4.04,3.395,3.51,3.44,3.545
1951,3.6,3.17,3.2,3.5225,3.53,3.975,3.395,3.505,3.66,3.7725
1952,3.49,3.1025,2.8975,3.1425,3.35,3.6975,3.2,3.895,3.43,3.315
1953,4.005,3.3425,3.2,3.7975,3.74,4.06,3.36,3.98,3.465,4.315
1954,3.65,3.3925,3.15,3.59,3.56,4.0475,3.4375,3.92,3.48,4.41
1955,3.7375,3.38,2.99,3.5675,3.51,4.15,3.38,3.94,3.51,4.2275
1956,3.76,3.2475,3.32,3.64,3.57,4.365,3.5075,3.7275,3.47,3.8475
1957,3.435,3.07,2.97,3.4225,3.04,3.745,3.24,3.6125,3.47,3.63
1958,3.925,3.495,3.275,3.88,3.765,4.1125,3.67,3.585,3.91,4.1875
1959,3.6675,3.4,3.13,3.71,3.49,3.94,3.47,3.6875,3.47,3.7075
1960,3.63,3.3675,3.1475,4.065,3.9,4.025,3.695,3.9675,3.6375,4.05
1961,3.42,3.2875,2.94,3.5675,3.65,3.9225,3.53,3.73,3.4925,3.53
1962,3.75,3.5425,3.05,3.71,4.385,4.175,3.6125,3.71,3.5475,3.87
1963,3.5575,3.5,3.24,3.69,4.225,4.15,3.665,3.76,3.595,3.805
1964,3.3,3.4,2.98,3.42,3.6975,3.78,3.44,3.6,3.56,3.53
1965,3.71,3.335,2.94,3.565,3.85,4.025,3.455,3.795,3.5475,3.71
1966,3.645,3.3825,3.1275,3.435,4.32,3.6425,3.425,3.8925,3.665,3.7275
1967,3.4475,3.145,2.84,3.2,3.875,3.6,2.985,3.78,3.45,3.7075
1968,3.53,3.0675,2.8725,3.2425,3.68,3.85,3.16,3.63,3.46,3.7025
1969,3.7,3.4025,3.09,3.3225,4.03,3.73,3.3425,4.145,3.67,4.0225
1970,3.6775,3.25,2.8025,3.19,3.88,3.6825,3.07,3.965,3.5025,3.6
1971,3.73,3.2375,2.8375,3.48,3.86,3.76,3.085,3.85,3.6125,3.885
1972,3.735,3.19,3.0425,3.5175,4.275,3.93,3.3175,3.8425,3.665,3.785
1973,3.79,3.225,3.03,3.3675,4.0225,3.86,3.165,4.105,3.5925,3.69
1974,3.84,3.32,3.115,3.53,3.86,4.02,3.17,4.09,3.67,3.9725
1975,3.61,3.33,3.065,3.51,3.835,4.035,3.175,4.12,3.19,4.12
1976,3.91,3.29,2.93,3.59,4.1,4.3875,3.31,4.28,3.42,4.05
1977,3.7725,3.34,3.0575,3.6225,3.975,3.7625,3.15,4.1125,3.5175,4.2525
1978,3.385,3.075,2.855,3.475,3.595,3.825,3.08,3.875,3.31,3.785
1979,3.7425,3.46,3.08,3.67,4.14,4.0,3.23,3.74,3.3975,4.42
1980,3.68,3.26,3.05,3.8475,4.01,4.095,3.25,4.085,3.4,4.07
1981,3.575,3.1575,3.0275,3.49,3.62,3.575,3.21,3.96,3.37,4.165
1982,3.5475,3.2225,2.815,3.7625,3.73,4.105,3.16,3.915,3.3325,3.885
1983,3.395,3.23,2.9275,3.54,4.19,3.91,3.07,3.9,3.3125,3.91
1984,3.395,3.14,3.06,3.4225,3.87,3.7375,3.1425,3.585,3.265,3.77
1985,3.49,3.3975,2.955,3.53,4.105,3.9925,3.1575,3.65,3.24,4.0375
1986,3.5725,3.27,3.01,3.57,3.995,3.98,3.19,3.695,3.41,3.97
1987,3.5675,3.275,2.995,3.39,3.88,3.89,3.27,3.6,3.4475,4.45
1988,3.305,3.38,2.95,3.5175,3.94,3.85,3.3725,3.8475,3.42,4.5175
1989,3.705,3.39,3.0625,3.53,3.9725,4.26,3.38,3.54,3.52,4.7575
1990,3.495,3.35,2.8425,3.395,3.53,3.985,3.2725,3.435,3.545,4.26
1991,3.56,3.23,2.8275,3.53,3.775,4.105,3.215,3.41,3.28,3.865
1992,3.86,3.58,2.8725,3.7725,3.97,4.055,3.36,3.59,3.32,3.7875
1993,3.73,3.53,2.915,3.665,3.6525,4.29,3.365,3.5,3.41,3.5025
1994,3.71,3.325,3.015,3.6525,3.86,4.235,3.325,3.26,3.44,3.58
1995,3.8125,3.2325,2.8,3.47,3.995,4.01,3.31,3.68,3.485,3.445
1996,4.0725,3.58,3.11,3.84,4.13,4.32,3.385,3.485,3.575,3.79
1997,3.545,3.4762500000000003,2.92,3.665,3.755,4.0,3.24,3.82,3.4375,3.8125
1998,3.59,3.3725,2.93,3.53,3.545,4.2,3.36,3.525,3.39,3.67
1999,3.49,3.1675,2.79,3.53,3.58,4.08,3.235,3.385,3.17,3.79
2000,3.41,3.135,3.01,3.765,3.675,4.06,3.3025,3.29,3.57,3.855
2001,3.74,3.205,3.08,3.6425,3.6125,3.98,3.55,3.54,3.47,3.7525
2002,3.48,3.46,3.03,3.52,3.715,4.18,3.5375,3.5875,3.355,4.2
2003,3.1,3.255,2.925,3.18,3.54,3.9125,3.65,3.3125,3.405,3.74
2004,3.5,3.68,3.2275,3.2,3.68,3.955,3.7175,3.84,3.5525,3.99
2005,3.605,3.4475,3.42,3.3225,4.03,4.15,3.73,3.6925,3.54,3.845
2006,3.45,3.14,3.04,3.1725,3.61,3.75,3.61,3.545,3.43,3.775
2007,3.41,3.48,3.21,3.34,4.05,3.9575,3.5975,3.61,3.58,3.94
2008,2.88,3.0725,3.005,3.12,3.5725,3.9975,3.27,3.53625,3.4,3.75
2009,3.23,3.33,3.18,3.44,4.21,4.205,3.7475,3.4625,3.5,4.0575
2010,3.1725,3.355,3.31,3.1275,4.1725,4.155,3.5275,3.48,3.54,3.91
2011,2.93,3.105,3.2075,3.22,3.8225,4.325,3.22,3.195,3.45,3.94
2012,2.95,3.25,3.15,3.0525,3.88,4.13,3.255,3.2,3.4925,3.95
2013,3.2725,3.6,3.35,3.2775,4.04,3.895,3.41,3.4675,3.4975,4.21
2014,3.225,3.4225,3.08,3.09,3.845,4.19,3.43,3.41,3.41,3.97
2015,3.0,3.14,3.1775,3.1225,3.7475,3.91,3.55,3.3775,3.4725,3.755
2016,2.92,3.1925,3.155,3.055,3.7875,3.94,3.43,3.125,3.36,4.08
2017,3.345,3.355,3.115,2.9425,3.845,4.1025,3.4775,3.7,3.485,4.335
