YEAR,LCP_009A,LCP_010A,LCP_011A,LCP_015A,LCP_016B,LCP_017B,LCP_023A,LCP_049A,LCP_051B,LCP_12B
1886,298.0,,,,,,,,,
1887,220.0,,,,,,,,,
1888,227.0,,,,,,,,,
1889,258.0,,,,,,,,,
1890,249.0,,,,,,,,,
1891,259.0,,,,,,,,,
1892,254.0,,,,,,,,,
1893,274.0,,,,,,,,,
1894,341.0,,,,,,,,,
1895,328.0,,,,,,,,,
1896,323.0,,,,,,,,,
1897,333.0,,,,,,,,,
1898,311.0,,,,,,,,,
1899,224.0,,,,,,,,,
1900,293.0,,,,,,,,,
1901,195.0,,,,,,,,,
1902,223.0,,,,481.0,,,,,
1903,264.0,,,,609.0,,,,,
1904,207.0,,,,541.0,,,,,
1905,207.0,,,,562.0,,,,,389.0
1906,224.0,,,,574.0,,,,,353.0
1907,322.0,,,,720.0,,,,,534.0
1908,286.0,,,,575.0,,,,,546.0
1909,289.0,,,,590.0,,,,,648.0
1910,306.0,,336.0,,533.0,,,,,519.0
1911,395.0,,342.0,,479.0,,,,,649.0
1912,364.0,,426.0,,578.0,,,,1878.0,690.0
1913,368.0,,433.0,,663.0,,621.0,,1561.0,713.0
1914,309.0,216.0,390.0,,667.0,980.0,571.0,440.0,1454.0,579.0
1915,297.0,290.0,365.0,1257.0,636.0,1068.0,512.0,572.0,1525.0,534.0
1916,238.0,235.0,312.0,956.0,573.0,1022.0,370.0,484.0,1462.0,427.0
1917,345.0,422.0,340.0,1194.0,628.0,1176.0,523.0,556.0,1821.0,549.0
1918,339.0,362.0,389.0,1395.0,641.0,1087.0,634.0,568.0,2198.0,538.0
1919,431.0,438.0,375.0,1414.0,672.0,1501.0,693.0,1086.0,2213.0,547.0
1920,356.0,397.0,396.0,1421.0,621.0,1237.0,678.0,628.0,1572.0,557.0
1921,368.0,362.0,477.0,1486.0,582.0,1339.0,805.0,605.3333333333334,2055.0,654.0
1922,494.0,446.0,451.0,1703.0,673.0,1384.0,707.0,582.6666666666666,2010.0,668.0
1923,300.0,412.0,398.0,1353.0,464.0,1085.0,628.0,560.0,1780.0,497.0
1924,302.0,310.0,351.0,1364.0,379.0,1179.0,447.0,637.0,1504.0,351.0
1925,335.5,377.0,416.0,1498.0,549.0,1369.0,647.0,550.0,2163.0,511.0
1926,369.0,377.0,465.0,1572.0,520.0,1292.0,590.5,803.0,2134.5,606.0
1927,298.0,369.0,377.0,1798.0,477.0,1252.0,534.0,928.0,2106.0,446.0
1928,261.0,392.0,341.0,1513.0,293.0,1274.0,569.0,984.0,1956.0,447.0
1929,447.0,552.0,352.0,1696.0,417.0,1570.0,883.0,2055.0,2464.0,462.0
1930,548.0,469.0,327.0,1693.0,514.0,1512.0,801.0,1808.0,2290.0,514.0
1931,488.0,491.0,426.0,1912.0,597.0,1455.0,905.0,2538.0,2328.0,578.0
1932,396.0,427.0,352.0,1748.0,427.0,1233.0,670.0,1559.0,1636.0,459.0
1933,357.0,536.0,392.0,1657.0,534.0,1173.0,668.0,1277.0,1924.0,476.0
1934,368.0,370.0,313.0,1250.0,397.0,1037.0,556.0,1010.0,1978.0,373.0
1935,286.0,438.0,283.0,1083.0,289.0,843.0,445.0,1189.0,1398.0,270.0
1936,392.0,506.0,322.0,1345.0,322.0,1070.0,443.0,1427.0,1579.0,296.0
1937,596.0,511.0,466.0,1715.0,386.0,1146.0,635.0,1498.0,2066.0,376.0
1938,410.0,597.0,457.0,1286.0,373.0,1184.0,603.0,1344.0,1972.0,321.0
1939,277.0,571.0,296.0,1032.0,358.0,1050.0,480.0,868.0,1599.0,275.0
1940,362.0,498.0,394.0,1288.0,494.0,971.0,657.0,920.0,1751.0,374.0
1941,365.0,795.0,551.0,1868.0,587.0,1363.0,751.0,2045.0,1494.0,534.0
1942,463.0,688.0,526.0,1905.0,692.0,1376.0,776.0,1149.0,830.0,573.0
1943,352.0,521.0,500.0,1880.0,815.0,1319.0,820.0,970.0,1016.0,633.0
1944,342.0,541.0,525.0,1745.0,708.0,1309.0,850.0,1177.0,1039.0,711.0
1945,314.0,484.0,517.0,1736.0,661.0,1473.0,713.0,1251.0,906.0,782.0
1946,528.0,622.0,424.0,1688.0,612.0,1292.0,591.0,1184.0,927.0,591.0
1947,819.0,771.0,652.0,2052.0,789.0,1611.0,823.0,1546.0,1366.0,1138.0
1948,707.0,645.0,743.0,1586.0,893.0,1559.0,835.0,1297.0,1296.0,1068.0
1949,475.0,620.0,687.0,1643.0,862.0,1228.0,777.0,1481.0,1393.0,975.0
1950,416.0,516.0,622.0,1199.0,708.0,1143.0,616.0,952.0,989.0,782.0
1951,365.0,531.0,616.0,896.0,816.0,1186.0,518.0,985.0,1033.0,823.0
1952,239.0,377.0,523.0,675.0,338.0,773.0,385.0,1021.0,639.0,493.0
1953,425.0,531.0,619.0,1319.0,675.0,1092.0,541.0,1305.0,801.0,682.0
1954,423.0,518.0,668.0,1318.0,858.0,1192.0,647.0,998.0,838.0,760.0
1955,373.0,593.0,639.0,1493.0,810.0,1395.0,768.0,1028.0,1039.0,873.0
1956,341.0,541.0,660.0,1221.0,669.0,1179.0,706.0,862.0,1225.0,714.0
1957,327.0,590.0,730.0,1339.0,588.0,1043.0,538.0,735.0,948.0,622.0
1958,361.0,475.0,823.0,1338.0,801.0,1194.0,730.0,737.0,1347.0,604.0
1959,480.0,670.0,889.0,1401.0,954.0,1425.0,759.0,931.0,1306.0,829.0
1960,436.0,529.0,819.0,1783.0,1000.0,1255.0,812.0,979.0,1125.0,797.0
1961,347.0,545.0,998.0,1624.0,749.0,1162.0,798.0,928.0,1056.0,639.0
1962,353.0,578.0,900.0,1409.0,859.0,1184.0,708.0,744.0,997.0,683.0
1963,445.0,834.0,883.0,1413.0,1022.0,1283.0,943.0,796.0,908.0,659.0
1964,349.0,938.0,752.0,1148.0,694.0,1197.0,953.0,797.0,903.0,597.0
1965,344.0,847.0,791.0,1015.0,713.0,1433.0,988.0,700.0,829.0,811.0
1966,397.0,855.0,954.0,969.0,1038.0,1238.0,800.0,706.0,862.0,868.0
1967,384.0,688.0,769.0,708.0,936.0,1161.0,748.0,777.0,659.0,583.0
1968,368.0,635.0,742.0,748.0,801.0,1134.0,848.0,846.0,721.0,782.0
1969,415.0,841.0,694.0,698.0,883.0,1088.0,1091.0,1215.0,920.0,985.0
1970,423.0,933.0,570.0,622.0,591.0,990.0,867.0,850.0,757.0,786.0
1971,465.0,689.0,509.0,631.0,547.0,721.0,768.0,646.0,640.0,693.0
1972,531.0,703.0,591.0,801.0,590.0,843.0,864.0,762.0,721.0,727.0
1973,541.0,676.0,576.0,817.0,410.0,816.0,735.0,917.0,570.0,614.0
1974,511.0,677.0,688.0,800.0,438.0,828.0,757.0,892.0,672.0,669.0
1975,526.0,753.0,778.0,1109.0,568.0,948.0,1015.0,1010.0,808.0,733.0
1976,528.0,747.0,734.0,1204.0,544.0,913.0,1024.0,1189.0,824.0,711.0
1977,560.0,753.0,605.0,1378.0,652.0,977.0,694.0,1202.0,949.0,700.0
1978,291.0,448.0,578.0,970.0,401.0,713.0,592.0,895.0,628.0,547.0
1979,361.0,667.0,645.0,1051.0,438.0,575.0,640.0,648.0,682.0,722.0
1980,371.0,486.0,681.0,1095.0,436.0,679.0,640.0,1032.0,666.0,645.0
1981,455.0,403.0,778.0,1547.0,450.0,824.0,940.0,1144.0,924.0,965.0
1982,464.0,433.0,730.0,1532.0,670.0,1147.0,975.0,1315.0,966.0,1105.0
1983,353.0,400.0,670.0,1610.0,718.0,1017.0,850.0,1116.0,1001.0,815.0
1984,270.0,483.0,802.0,1504.0,598.0,1016.0,770.0,925.0,812.0,818.0
1985,270.0,423.0,810.0,1506.0,651.0,937.0,837.0,806.0,758.0,705.0
1986,295.0,385.0,804.0,867.0,554.0,987.0,935.0,748.0,842.0,997.0
1987,436.0,512.0,746.0,773.0,638.0,936.0,791.0,647.0,820.0,1128.0
1988,351.0,539.0,830.0,435.0,667.0,920.0,869.0,760.0,938.0,1142.0
1989,435.0,648.0,780.0,469.0,802.0,814.0,929.0,685.0,1020.0,916.0
1990,450.0,539.0,791.0,652.0,630.0,834.0,916.0,619.0,931.0,716.0
1991,546.0,625.0,707.0,738.0,880.0,868.0,1029.0,731.0,871.0,736.0
1992,547.0,785.0,671.0,1108.0,699.0,837.0,758.0,605.0,891.0,578.0
1993,585.0,959.0,816.0,1003.0,711.0,971.0,720.0,704.0,898.0,653.0
1994,449.0,776.0,705.0,726.0,498.0,743.0,549.0,473.0,742.0,546.0
1995,572.0,661.0,666.0,704.0,429.0,898.0,507.0,741.0,961.0,350.0
1996,677.0,756.0,680.0,613.0,360.0,911.0,436.0,457.0,920.0,435.0
1997,593.0,846.0,608.0,648.0,364.0,977.0,469.0,815.0,869.0,417.0
1998,617.0,936.0,652.0,692.0,416.0,933.0,684.0,857.0,826.0,587.0
1999,567.0,691.0,547.0,683.0,381.0,1066.0,665.0,802.0,815.0,604.0
2000,455.0,500.0,574.0,681.0,336.0,803.0,660.0,520.0,643.0,729.0
2001,775.0,611.0,659.0,698.0,303.0,1014.0,672.0,642.0,732.0,662.0
2002,497.0,522.0,669.0,715.0,221.0,1393.0,623.0,593.0,548.0,593.0
2003,316.0,515.0,551.0,741.0,214.0,953.0,423.0,517.0,530.0,496.0
2004,460.0,707.0,646.0,741.0,287.0,971.0,654.0,509.0,541.0,607.0
2005,545.0,870.0,909.0,804.0,454.0,1302.0,587.0,751.0,649.0,683.0
2006,413.0,436.0,771.0,662.0,415.0,1090.0,438.0,630.0,621.0,497.0
2007,386.0,642.0,901.0,708.0,443.0,1212.0,515.0,715.0,760.0,625.0
2008,225.0,520.0,600.0,672.0,303.0,1066.0,390.0,694.0,590.0,542.0
2009,310.0,454.0,683.0,638.0,419.0,1310.0,428.0,673.0,602.0,632.0
2010,319.0,686.0,835.0,567.0,504.0,1140.0,556.0,563.0,634.0,594.0
2011,149.0,281.0,455.0,452.0,271.0,654.0,215.0,389.0,448.0,332.0
2012,151.0,232.0,473.0,329.0,260.0,542.0,187.0,314.0,506.0,384.0
2013,272.0,402.0,594.0,474.0,382.0,622.0,257.0,489.0,517.0,452.0
2014,208.0,397.0,663.0,651.0,452.0,883.0,414.0,524.0,603.0,464.0
2015,238.0,363.0,887.0,528.0,503.0,1137.0,593.0,897.0,648.0,583.0
2016,125.0,354.0,673.0,468.0,437.0,947.0,394.0,503.0,469.0,533.0
2017,279.0,393.0,688.0,485.0,488.0,918.0,448.0,501.0,446.0,628.0
