YEAR,LCP_009A,LCP_010A,LCP_011A,LCP_015A,LCP_016B,LCP_017B,LCP_023A,LCP_049A,LCP_051B,LCP_12B
1886,3.96,,,,,,,,,
1887,4.15,,,,,,,,,
1888,4.225,,,,,,,,,
1889,4.29,,,,,,,,,
1890,4.41,,,,,,,,,
1891,4.22,,,,,,,,,
1892,4.4325,,,,,,,,,
1893,4.505,,,,,,,,,
1894,4.1975,,,,,,,,,
1895,4.5725,,,,,,,,,
1896,4.41,,,,,,,,,
1897,3.99,,,,,,,,,
1898,4.41,,,,,,,,,
1899,4.5525,,,,,,,,,
1900,4.25,,,,,,,,,
1901,4.38,,,,,,,,,
1902,4.33,,,,4.1425,,,,,
1903,4.145,,,,4.015,,,,,
1904,4.24,,,,4.155,,,,,
1905,4.11,,,,4.23,,,,,3.43
1906,3.97,,,,4.07,,,,,3.18
1907,4.4,,,,3.8,,,,,3.15
1908,4.41,,,,4.175,,,,,3.235
1909,4.59,,,,4.02,,,,,3.26
1910,4.85,,3.93,,4.2325,,,,,3.52
1911,4.09,,3.56,,3.77,,,,,3.31
1912,4.785,,3.85,,4.33,,,,2.9775,3.45
1913,4.5775,,3.665,,4.2425,,3.75,,3.22,3.47
1914,4.33,3.73,3.6725,,4.09,4.9125,3.57,4.145,2.98,3.27
1915,4.205,3.67,3.8,4.28,4.1175,4.57,3.5575,4.12,2.835,3.09
1916,4.4375,4.07,3.83,4.0975,4.45,4.44,3.7175,4.335,3.01,3.46
1917,4.37,3.89,3.97,4.01,4.09,4.7175,3.5775,3.86,2.925,3.31
1918,4.56,3.7625,3.97,4.15,4.14,3.89,3.9325,4.07,2.87,3.2675
1919,4.6875,4.105,3.995,4.37,4.445,4.38,3.82,4.9325,3.325,3.38
1920,4.155,3.61,3.89,3.86,3.83,3.75,3.61,4.005,2.7275,3.16
1921,4.345,3.8225,3.97,4.73,4.13,4.215,3.965,4.1866666666666665,3.0275,3.41
1922,4.57,3.95,4.08,4.92,4.34,4.52,3.655,4.368333333333333,3.09,3.46
1923,3.84,3.63,3.81,3.935,3.63,4.3975,3.45,4.55,2.7525,2.92
1924,4.27,3.97,3.995,4.695,4.38,4.41,3.7,4.58,3.18,3.37
1925,4.3725,3.69,4.12,4.27,4.39,4.0625,3.53,4.64,2.85,3.4275
1926,4.475,3.8625,3.95,4.56,4.245,4.315,3.5,4.6775,3.0300000000000002,3.6
1927,4.165,3.805,3.86,4.14,4.16,4.47,3.47,5.18,3.21,3.29
1928,4.285,3.9775,3.95,4.63,4.41,4.41,3.49,4.955,3.2,3.78
1929,4.57,3.825,3.88,4.2025,4.3175,4.54,3.3775,4.94,3.09,3.56
1930,4.5,4.0,3.95,4.635,4.3225,4.41,3.48,5.6425,3.2825,3.4525
1931,4.53,3.86,4.0475,4.8,4.06,4.745,3.56,5.73,3.2525,3.54
1932,4.01,4.0275,3.9175,4.6,3.9775,4.41,3.67,5.1725,3.275,3.2
1933,4.41,3.97,4.12,4.83,4.305,4.78,3.53,5.73,3.41,3.415
1934,4.3175,4.0,3.79,4.54,4.24,4.53,3.73,5.3825,3.3325,3.27625
1935,3.99,3.83,3.56,3.815,3.8,4.2,3.25,5.34,3.27,3.1375
1936,5.04,4.0,3.7,4.63,4.37,4.7075,3.71,6.12,3.38,3.46
1937,4.68,3.97,3.82,4.585,4.41,4.5925,3.76,6.045,3.6275,3.49
1938,4.0675,3.97,3.79,3.99,3.855,4.1275,3.74,5.185,3.325,3.415
1939,4.81,4.1675,3.9,4.775,4.29,4.5775,3.8,4.96,3.705,3.56
1940,4.45,4.03,3.8,4.56,4.5125,4.175,3.9275,4.69,3.445,3.4775
1941,4.11,3.8425,3.6075,4.045,3.77,3.94,3.56,4.945,3.56,3.45
1942,4.5825,4.265,4.035,4.4375,4.85,4.06,3.97,4.6275,3.65,4.02
1943,4.41,4.06,3.8,4.5925,4.41,4.455,3.63,4.395,3.7025,3.605
1944,4.06,4.0975,3.7075,4.24,4.12,4.135,3.77,4.165,3.67,3.835
1945,4.2,4.2375,3.965,4.535,4.5575,4.5,4.02,4.33,3.59,4.45
1946,4.5775,4.04,3.7,4.535,4.3725,4.4925,3.67,4.47,3.7025,4.225
1947,4.5975,4.235,3.86,4.0975,4.3425,4.165,3.87,4.35,4.26,4.62
1948,4.34,4.06,3.875,4.71,4.34,4.27,3.97,4.485,4.815,4.84
1949,4.3325,3.72,4.01,4.39,4.09,4.28,3.66,4.6,3.89,4.725
1950,4.35,3.8,3.8075,4.155,3.86,4.3575,3.675,4.19,3.7075,3.985
1951,4.63,3.945,4.11,4.255,4.265,4.3825,3.685,4.5525,4.3,4.255
1952,4.4025,3.69,3.53,3.9975,4.1,4.08,3.7125,4.2925,3.9,3.81
1953,4.885,4.06,4.085,4.29,4.63,4.41,3.95,4.515,4.1275,4.815
1954,4.41,4.0725,3.92,4.49,4.4,4.245,3.97,4.55,3.97,4.98
1955,4.7,4.015,3.79,4.13,4.5,4.565,3.6225,4.245,4.0375,4.81
1956,4.48,4.08,3.9725,4.205,4.32,4.44,3.91,4.85,4.6625,4.2725
1957,3.875,3.9925,3.6425,3.92,3.77,4.245,3.6,4.15,3.55,4.1275
1958,4.765,4.09,4.13,4.49,4.69,4.5,4.07,4.665,4.0575,4.47
1959,4.41,3.97,3.9125,4.42,4.17,4.4925,3.97,3.95,3.84,3.92
1960,4.42,4.15,4.12,4.5,4.81,4.6175,4.1,4.47,4.2075,4.3125
1961,4.0225,3.95,3.5325,3.83,4.2925,3.88,3.7575,4.165,3.7625,3.225
1962,4.52,4.47,3.95,4.37,4.85,4.835,4.1125,4.39,4.35,3.94
1963,4.12,4.15,3.97,4.57,4.79,4.3925,4.035,4.745,4.08,3.94
1964,3.91,4.225,3.645,4.07,4.33,4.5075,4.1275,4.36,3.97,3.895
1965,4.48,3.97,3.455,3.73,4.3125,3.84,3.6225,4.63,3.97,3.31
1966,4.435,3.88,3.75,4.205,4.9575,4.41,3.61,4.61,4.2,3.835
1967,4.2725,3.8675,3.53,3.67,4.25,3.73,3.39,4.45,3.84,3.67
1968,4.44,3.9225,3.53,3.81,4.21,3.9,3.42,4.1175,3.94,3.58
1969,4.525,4.08,3.8125,4.32,5.095,4.195,4.03,4.7625,4.0875,4.1275
1970,4.41,3.9675,3.6375,4.1375,4.67,4.1375,3.725,4.2875,4.09,3.71
1971,4.47,4.13,3.75,4.2275,4.3775,4.04,3.53,4.23,4.03,4.0525
1972,4.525,3.84,3.835,4.275,5.2,3.97,3.57,4.45,4.04,4.05
1973,4.6425,3.97,3.815,4.19,4.715,4.14,3.46,4.52,3.97,4.325
1974,4.46,4.0,3.73,3.9,4.59,3.835,3.53,4.41,4.31,5.02
1975,4.195,4.1,3.24,4.0,4.3,3.635,3.57,4.335,3.885,4.41
1976,4.37,4.24,3.72,4.275,4.95,3.8125,3.6125,4.6975,3.75,4.85
1977,4.455,4.135,3.97,4.63,4.85,4.41,3.87,4.985,3.9975,5.04
1978,3.8825,4.05,3.53,4.22,4.545,3.84,3.3925,4.3325,3.82,4.3575
1979,4.325,4.325,3.8075,4.255,5.2425,4.26,3.73,4.66,3.97,5.105
1980,4.435,4.1,3.85,4.32,4.82,4.24,3.7875,4.7975,4.145,5.05
1981,4.14,3.7075,3.46,3.8975,4.255,3.955,3.78,4.52,3.55,4.915
1982,4.17,3.97,3.53,4.45,4.445,3.1975,3.855,5.02,3.6425,4.85
1983,3.97,3.92,3.81,4.3625,4.9325,4.405,3.8425,5.0325,3.86,4.67
1984,4.1175,3.8625,3.695,4.075,4.65,4.41,3.6025,4.5825,3.675,4.855
1985,4.05,3.9675,3.6775,4.02,4.98,4.63,3.785,4.465,3.6675,4.585
1986,3.98,3.765,3.5575,4.195,4.85,3.95,3.74,4.83,3.5725,5.0825
1987,3.91,4.01,3.405,3.92,4.1575,4.015,3.78,4.625,4.09,5.1075
1988,4.1225,4.0925,3.77,4.38,4.715,4.185,3.89,4.82,3.79,5.375
1989,4.32,4.0725,3.7425,4.05,4.59,4.5875,3.8,4.55,3.975,4.925
1990,3.835,3.97,3.77,4.13,4.3525,4.47,3.75,4.11,3.3475,4.62
1991,4.1125,4.01,3.67,4.13,4.41,4.185,3.855,4.18,3.725,4.5325
1992,4.8225,4.01,3.53,4.34,4.925,4.15,3.97,4.2525,3.71,4.41
1993,4.16,3.76,3.56,3.725,3.97,3.97,3.5725,4.18,3.59,4.0725
1994,4.41,4.0,3.75,4.35,4.92,4.4175,3.87,4.21,4.13,4.41
1995,4.07,3.87,3.2725,3.375,5.135,3.84,4.115,4.66,3.6225,3.795
1996,4.86,4.25,3.885,4.61,5.35,4.595,4.07,4.69,4.19,4.745
1997,4.135,4.13125,3.4125,4.3,4.72,4.55,3.87,4.7075,4.035,4.545
1998,4.5,4.0125,3.47,4.365,4.61,4.55,3.855,4.41,3.925,4.3725
1999,4.17,3.7775,3.57,4.23,4.4675,4.75,3.945,4.51,4.01,4.47
2000,4.0125,4.2575,3.64,5.2225,4.8025,4.89,3.725,4.41,4.175,5.05
2001,4.06,3.99,3.6175,4.813750000000001,4.185,4.355,4.085,4.2575,3.845,4.345
2002,4.41,4.1075,3.53,4.405,4.96,4.655,4.06,4.36,3.985,5.11
2003,3.82,3.95,3.42,3.5925,4.225,3.9725,4.41,4.7075,3.8675,4.62
2004,4.3425,3.825,3.735,3.75,4.55,4.1925,3.96,4.72,3.97,4.35
2005,4.51,4.29,3.925,4.1,4.71,4.79,4.64,4.775,4.41,4.6075
2006,4.25,3.715,3.66,4.02,4.3725,4.41,4.02,4.405,4.23,4.69
2007,4.32,3.97,3.79,4.155,4.9675,4.41,4.235,4.705,4.2625,4.78
2008,3.58,3.67,3.53,3.43,4.05,4.08,3.8025,4.41,3.97,4.21
2009,4.1275,4.105,3.79,4.04,5.12,4.66,3.7825,4.115,4.035,4.895
2010,4.09,3.9925,4.045,3.91,5.3225,4.6875,4.1825,4.9175,4.2625,4.85
2011,3.905,4.15,3.8475,4.08,4.525,4.28,3.68,4.1,4.24,4.8975
2012,3.74,3.75,3.7,3.97,4.92,4.32,3.93,3.97,4.04,5.0
2013,4.0925,4.195,3.97,4.02,4.915,4.08,4.03,4.41,4.06,4.805
2014,3.95,3.82,3.52,3.61,4.35,4.32,4.055,4.34,3.53,4.42
2015,3.9175,3.84,3.6,3.97,4.61,4.4775,4.3675,4.155,3.9125,4.65
2016,3.87,3.9975,3.37,3.57,4.33,3.99,3.825,4.02,3.97,4.85
2017,4.16,3.9125,3.53,3.5625,4.78,4.395,4.04,4.645,4.06,5.07
